扩边后.grd
DSAA
          32          32
  -30.00000       32.00000    
  -30.00000       32.00000    
  -795.4033       1926.858    
   31.71765       31.71765       31.71765       31.71765       31.71765    
   31.71765       31.71765       31.71765       31.71765       31.71765    
   31.71765       31.71765       31.71765       31.71765       31.71765    
   31.71765       31.71765       31.71765       31.71765       31.71765    
   31.71765       31.71765       31.71765       31.71765       31.71765    
   31.71765       31.71765       31.71765       31.71765       31.71765    
   31.71765       31.71765    
   31.71765       2.230015       2.230015       4.300968       6.983143    
   10.40785       14.71226       20.01060       26.37338       33.76976    
   42.01810       50.72088       59.26166       66.83009       72.55660    
   75.66666       75.66936       72.47262       66.41889       58.21007    
   48.75317       38.97171       29.64297       21.30525       14.23593    
   8.501099       4.024437      0.6469326      -1.820541       31.71765    
   31.71765       31.71765    
   31.71765       2.230015       2.230015       4.300967       6.983144    
   10.40785       14.71226       20.01060       26.37338       33.76976    
   42.01810       50.72088       59.26166       66.83009       72.55660    
   75.66666       75.66936       72.47262       66.41889       58.21007    
   48.75317       38.97171       29.64297       21.30525       14.23593    
   8.501099       4.024436      0.6469330      -1.820543       31.71765    
   31.71765       31.71765    
   31.71765       1.367998       1.367999       3.615324       6.627044    
   10.60285       15.76744       22.35329       30.55712       40.45393    
   51.90775       64.43080       77.12765       88.71486       97.72752    
   102.8252       103.1283       98.45505       89.37940       77.09592    
   63.13881       49.02560       35.95476       24.67222       15.47143    
   8.309323       2.955989     -0.9011406      -3.574780       31.71765    
   31.71765       31.71765    
   31.71765      0.1524658      0.1524663       2.529680       5.834774    
   10.36160       16.46757       24.57214       35.09519       48.35800    
   64.39338       82.68653       101.9604       120.1518       134.7238    
   143.2841       144.2260       137.1830       123.1400       104.1977    
   83.03638       62.21639       43.62454       28.24137       16.26793    
   7.401777       1.113737      -3.165439      -5.944166       31.71765    
   31.71765       31.71765    
   31.71765      -1.482353      -1.482352      0.9376206       4.455701    
   9.476023       16.54097       26.34539       39.69794       57.40565    
   79.96498       107.0545       136.9529       166.2823       190.5279    
   205.2670       207.5193       196.5612       174.1092       143.9478    
   110.9160       79.49616       52.67036       31.61394       16.14025    
   5.353408      -1.822115      -6.370348      -9.075761       31.71765    
   31.71765       31.71765    
   31.71765      -3.602234      -3.602234      -1.260568       2.325961    
   7.698849       15.62595       27.17893       43.78399       67.14237    
   98.83489       139.3646       186.7258       235.3448       276.8524    
   302.8378       307.7355       290.1606       253.0972       203.4486    
   150.2967       101.8063       62.69569       33.96667       14.29841    
   1.568673      -6.251803      -10.75694      -13.10201       31.71765    
   31.71765       31.71765    
   31.71765      -6.257523      -6.257521      -4.157260     -0.7010920    
   4.778131       13.29514       26.38885       46.35673       76.40353    
   120.3470       181.1181       257.4464       340.2214       413.1775    
   459.7711       469.8534       441.0427       378.1993       293.8236    
   205.6971       129.4422       72.31267       33.74104       9.562625    
  -4.704817      -12.59923      -16.54166      -18.12094       31.71765    
   31.71765       31.71765    
   31.71765      -9.470257      -9.470257      -7.800804      -4.735109    
  0.5015681       9.135940       23.18364       45.97662       82.88457    
   141.7756       231.5106       355.2696       499.0648       629.5658    
   713.1016       732.7370       685.4561       577.6653       430.7155    
   281.0236       160.1981       78.10167       28.32159      0.3709258    
  -14.27485      -21.22821      -23.86004      -24.14604       31.71765    
   31.71765       31.71765    
   31.71765      -13.22662      -13.22662      -12.19075      -9.796205    
  -5.215791       2.910117       16.92169       41.04147       83.03642    
   156.6420       282.4799       478.3659       727.5549       959.0804    
   1103.188       1138.117       1063.859       883.3601       627.1847    
   372.2990       185.1155       73.34455       14.09420      -14.89889    
  -27.74955      -32.28999      -32.67615      -31.08224       31.71765    
   31.71765       31.71765    
   31.71765      -17.47313      -17.47313      -17.26853      -15.81045    
  -12.26028      -5.258202       7.573709       30.72114       73.34531    
   154.5800       311.1184       592.3646       993.8437       1372.660    
   1593.562       1646.679       1543.793       1270.325       853.0572    
   446.6296       182.8519       48.40598      -12.37779      -37.13544    
  -45.12200      -45.52848      -42.69408      -38.64747       31.71765    
   31.71765       31.71765    
   31.71765      -22.13177      -22.13177      -22.92769      -22.61199    
  -20.34022      -14.79383      -3.824731       16.41624       54.03931    
   128.2723       284.1295       602.5285       1110.952       1595.744    
   1861.023       1926.858       1814.975       1484.449       940.7463    
   422.4340       125.7328      -3.118702      -51.38775      -65.39343    
  -65.42786      -60.16247      -53.32059      -46.44725       31.71766    
   31.71766       31.71765    
   31.71765      -27.09441      -27.09440      -29.04604      -30.02827    
  -29.10978      -24.86622      -15.25388       2.592023       33.41973    
   88.64592       200.8135       443.3439       861.2377       1272.173    
   1507.603       1584.754       1500.878       1207.150       711.2853    
   253.7819       15.25331      -73.81265      -97.65303      -96.44270    
  -86.68684      -74.94744      -63.76868      -53.92418       31.71765    
   31.71765       31.71765    
   31.71765      -32.24665      -32.24665      -35.51469      -37.96367    
  -38.43044      -34.98809      -24.86427      -4.935151       26.79403    
   70.37190       130.8248       238.4622       433.8615       664.3732    
   861.5023       980.2932       945.7227       719.3540       357.4380    
   48.62675      -99.96652      -143.6662      -142.4850      -126.0394    
  -106.5579      -88.48862      -73.13917      -60.51358       31.71765    
   31.71765       31.71765    
   31.71765      -37.44291      -37.44291      -42.22755      -46.44205    
  -48.58533      -45.76557      -33.04890      -3.725481       46.90143    
   111.9463       167.4815       196.6380       233.1088       354.0808    
   585.3600       790.2786       791.2305       551.0513       199.2303    
  -65.92146      -180.1192      -199.2494      -179.9726      -150.9064    
  -123.0453      -99.52776      -80.60862      -65.67822       31.71765    
   31.71765       31.71765    
   31.71765      -42.47797      -42.47797      -49.01287      -55.47763    
  -60.16076      -59.12510      -44.17079     -0.6277611       89.67605    
   226.0306       351.9679       388.2121       353.2302       402.1612    
   642.4764       891.3515       892.3149       593.6870       164.4277    
  -134.9671      -242.8402      -243.9673      -209.0872      -169.3788    
  -134.7722      -107.0781      -85.57514      -69.01421       31.71765    
   31.71765       31.71765    
   31.71765      -47.05629      -47.05629      -55.51519      -64.78717    
  -73.39949      -77.18317      -65.60391      -14.83751       117.8248    
   363.0022       625.2553       701.2904       550.8911       384.3264    
   434.4570       572.4022       545.7081       292.2274      -54.29868    
  -269.5182      -316.4030      -282.3683      -229.1939      -180.1844    
  -140.7886      -110.5604      -87.66868      -70.28422       31.71765    
   31.71765       31.71765    
   31.71765      -50.77471      -50.77471      -61.12429      -73.49012    
  -87.25529      -99.59122      -101.4571      -67.68933       59.98446    
   353.2287       703.4925       789.8574       515.7657       103.6047    
  -108.3706      -147.8892      -190.6499      -292.0981      -403.1252    
  -431.3885      -380.6726      -305.5769      -236.6425      -181.8771    
  -140.5172      -109.7175      -86.74700      -69.43822       31.71765    
   31.71765       31.71765    
   31.71765      -53.19975      -53.19975      -65.05974      -80.15276    
  -99.05512      -121.4822      -143.8754      -152.3665      -107.2007    
   53.67327       261.3251       272.9930       19.28818      -354.7621    
  -598.4827      -693.3320      -712.0724      -681.8311      -610.2773    
  -506.5194      -396.2964      -301.4963      -228.1755      -173.8480    
  -134.0447      -104.7732      -83.03709      -66.68847       31.71765    
   31.71765       31.71765    
   31.71765      -53.98854      -53.98854      -66.63380      -83.32812    
  -105.5978      -135.4047      -174.7023      -223.4708      -274.1965    
  -309.2585      -340.3723      -418.0636      -544.4095      -680.1283    
  -765.6165      -795.4033      -773.7700      -700.1199      -588.6962    
  -466.6307      -357.3803      -270.5381      -205.4159      -157.5711    
  -122.4587      -96.48813      -77.06958      -62.35640       31.71766    
   31.71766       31.71765    
   31.71765      -53.01878      -53.01878      -65.54806      -82.28895    
  -105.0777      -136.6775      -181.1003      -243.6084      -329.0437    
  -436.0613      -548.6492      -637.5554      -682.2777      -688.4925    
  -676.1282      -653.8005      -612.9718      -546.5959      -460.8488    
  -370.9895      -290.4032      -224.9160      -174.4125      -136.3003    
  -107.6574      -86.03142      -69.53543      -56.83971       31.71765    
   31.71765       31.71765    
   31.71765      -50.44078      -50.44078      -62.02829      -77.38298    
  -98.08272      -126.4113      -165.5288      -219.1884      -289.9462    
  -374.2564      -456.6793      -514.5524      -535.2070      -525.3211    
  -501.1230      -471.2334      -433.9379      -386.4910      -331.1842    
  -274.3089      -222.0134      -177.6565      -141.8400      -113.6506    
  -91.69447      -74.60903      -61.24569      -50.71535       31.71765    
   31.71765       31.71765    
   31.71765      -46.62720      -46.62720      -56.70866      -69.77694    
  -86.89646      -109.4451      -139.0314      -176.9943      -223.1137    
  -273.5294      -319.7092      -351.6034      -363.9283      -359.1046    
  -343.6052      -322.1227      -295.9284      -265.2529      -231.4464    
  -197.0803      -164.7692      -136.2444      -112.1355      -92.31435    
  -76.23735      -63.28677      -52.86108      -44.43498       31.71766    
   31.71766       31.71765    
   31.71765      -42.05116      -42.05117      -50.38979      -60.87286    
  -74.08503      -90.66190      -111.1406      -135.5937      -163.0555    
  -190.9694      -215.3704      -232.2879      -239.6603      -238.0770    
  -229.7157      -216.6833      -200.3100      -181.4810      -161.1894    
  -140.6248      -120.9458      -102.9966      -87.21282      -73.69816    
  -62.30492      -52.79852      -44.89549      -38.34349       31.71766    
   31.71766       31.71765    
   31.71765      -37.17023      -37.17023      -43.79171      -51.83373    
  -61.54901      -73.13871      -86.63374      -101.7307      -117.5986    
  -132.8265      -145.6649      -154.5627      -158.7031      -158.1698    
  -153.6791      -146.1355      -136.3710      -125.0984      -112.9905    
  -100.6718      -88.69335      -77.47552      -67.28368      -58.23678    
  -50.33307      -43.52076      -37.67291      -32.68693       31.71766    
   31.71766       31.71765    
   31.71765      -32.34654      -32.34654      -37.44313      -43.41195    
  -50.32547      -58.18134      -66.84769      -76.00609      -85.11040    
  -93.43656      -100.2226      -104.8526      -107.0014      -106.6718    
  -104.1122      -99.72575      -93.95970      -87.26161      -80.03380    
  -72.62471      -65.31213      -58.31050      -51.76918      -45.77864    
  -40.37841      -35.57327      -31.33069      -27.61364       31.71765    
   31.71765       31.71765    
   31.71765      -27.82540      -27.82540      -31.65192      -35.97927    
  -40.78949      -46.01497      -51.50342      -57.01762      -62.23429    
  -66.79251      -70.36449      -72.70596      -73.69966      -73.34780    
  -71.76341      -69.13809      -65.70376      -61.70775      -57.37252    
  -52.89572      -48.41275      -44.04070      -39.86024      -35.92283    
  -32.27532      -28.92804      -25.89646      -23.16442       31.71765    
   31.71765       31.71765    
   31.71765      -23.73952      -23.73953      -26.56145      -29.64318    
  -32.93672      -36.36618      -39.80898      -43.10588      -46.07984    
  -48.55495      -50.39133      -51.49897      -51.84870      -51.46094    
  -50.39620      -48.75771      -46.66772      -44.25370      -41.63818    
  -38.91716      -36.16442      -33.43475      -30.77205      -28.20375    
  -25.76028      -23.46102      -21.31802      -19.33831       31.71765    
   31.71765       31.71765    
   31.71765      -20.14265      -20.14264      -22.19131      -24.35361    
  -26.58269      -28.80753      -30.94390      -32.89331      -34.56087    
  -35.86493      -36.75179      -37.19573      -37.20425      -36.80522    
  -36.04253      -34.97296      -33.66343      -32.18063      -30.58855    
  -28.92723      -27.23880      -25.53937      -23.84966      -22.18875    
  -20.56800      -19.00412      -17.50712      -16.09230       31.71765    
   31.71765       31.71765    
   31.71765       31.71765       31.71765       31.71765       31.71765    
   31.71765       31.71765       31.71765       31.71765       31.71765    
   31.71765       31.71765       31.71765       31.71765       31.71765    
   31.71765       31.71765       31.71765       31.71765       31.71765    
   31.71765       31.71765       31.71765       31.71765       31.71765    
   31.71765       31.71765       31.71765       31.71765       31.71765    
   31.71765       31.71765    
   31.71765       31.71765       31.71765       31.71765       31.71765    
   31.71765       31.71765       31.71765       31.71765       31.71765    
   31.71765       31.71765       31.71765       31.71765       31.71765    
   31.71765       31.71765       31.71765       31.71765       31.71765    
   31.71765       31.71765       31.71765       31.71765       31.71765    
   31.71765       31.71765       31.71765       31.71765       31.71765    
   31.71765       31.71765    
   31.71765       31.71765       31.71765       31.71765       31.71765    
   31.71765       31.71765       31.71765       31.71765       31.71765    
   31.71765       31.71765       31.71765       31.71765       31.71765    
   31.71765       31.71765       31.71765       31.71765       31.71765    
   31.71765       31.71765       31.71765       31.71765       31.71765    
   31.71765       31.71765       31.71765       31.71765       31.71765    
   31.71765       31.71765    
