扩边前.grd
DSAA
          27          27
      -26.000000       26.000000
      -26.000000       26.000000
     -795.403320     1926.858276
        2.230015        4.300967        6.983144       10.407852
       14.712260       20.010595       26.373379       33.769756
       42.018101       50.720882       59.261662       66.830086
       72.556602       75.666656       75.669365       72.472618
       66.418892       58.210072       48.753166       38.971714
       29.642965       21.305250       14.235927        8.501099
        4.024436    6.469330E-01       -1.820543
        1.367999        3.615324        6.627044       10.602847
       15.767439       22.353287       30.557119       40.453926
       51.907753       64.430801       77.127647       88.714859
       97.727516      102.825241      103.128273       98.455048
       89.379402       77.095917       63.138809       49.025600
       35.954762       24.672216       15.471427        8.309323
        2.955989   -9.011406E-01       -3.574780
    1.524663E-01        2.529680        5.834774       10.361596
       16.467571       24.572140       35.095188       48.358002
       64.393379       82.686531      101.960388      120.151756
      134.723785      143.284119      144.226028      137.182999
      123.139992      104.197716       83.036385       62.216389
       43.624542       28.241365       16.267933        7.401777
        1.113737       -3.165439       -5.944166
       -1.482352    9.376206E-01        4.455701        9.476023
       16.540970       26.345392       39.697941       57.405647
       79.964981      107.054512      136.952896      166.282288
      190.527939      205.266953      207.519348      196.561157
      174.109238      143.947815      110.915962       79.496162
       52.670361       31.613939       16.140255        5.353408
       -1.822115       -6.370348       -9.075761
       -3.602234       -1.260568        2.325961        7.698849
       15.625949       27.178930       43.783993       67.142372
       98.834892      139.364624      186.725830      235.344833
      276.852386      302.837799      307.735535      290.160645
      253.097153      203.448608      150.296661      101.806305
       62.695694       33.966667       14.298411        1.568673
       -6.251803      -10.756935      -13.102013
       -6.257521       -4.157260   -7.010920E-01        4.778131
       13.295142       26.388851       46.356728       76.403526
      120.346954      181.118073      257.446381      340.221436
      413.177460      459.771088      469.853394      441.042725
      378.199341      293.823578      205.697067      129.442184
       72.312668       33.741035        9.562625       -4.704817
      -12.599226      -16.541662      -18.120939
       -9.470257       -7.800804       -4.735109    5.015681E-01
        9.135940       23.183641       45.976616       82.884567
      141.775620      231.510605      355.269623      499.064850
      629.565796      713.101563      732.737000      685.456055
      577.665283      430.715515      281.023560      160.198074
       78.101669       28.321590    3.709258E-01      -14.274849
      -21.228214      -23.860043      -24.146038
      -13.226624      -12.190751       -9.796205       -5.215791
        2.910117       16.921686       41.041466       83.036423
      156.642029      282.479950      478.365906      727.554871
      959.080444     1103.188232     1138.116699     1063.858765
      883.360107      627.184692      372.299011      185.115540
       73.344551       14.094204      -14.898886      -27.749550
      -32.289989      -32.676151      -31.082241
      -17.473125      -17.268528      -15.810453      -12.260282
       -5.258202        7.573709       30.721144       73.345306
      154.580002      311.118378      592.364563      993.843689
     1372.660034     1593.562500     1646.679321     1543.792725
     1270.324951      853.057190      446.629639      182.851883
       48.405975      -12.377790      -37.135445      -45.121998
      -45.528481      -42.694077      -38.647469
      -22.131773      -22.927691      -22.611994      -20.340221
      -14.793830       -3.824731       16.416241       54.039307
      128.272324      284.129547      602.528503     1110.952271
     1595.744019     1861.023315     1926.858276     1814.974976
     1484.449341      940.746338      422.434021      125.732796
       -3.118702      -51.387753      -65.393433      -65.427856
      -60.162472      -53.320591      -46.447247
      -27.094404      -29.046040      -30.028269      -29.109777
      -24.866222      -15.253878        2.592023       33.419731
       88.645920      200.813492      443.343903      861.237732
     1272.172974     1507.603149     1584.753784     1500.877563
     1207.149902      711.285339      253.781860       15.253310
      -73.812653      -97.653030      -96.442696      -86.686836
      -74.947441      -63.768681      -53.924183
      -32.246651      -35.514690      -37.963673      -38.430435
      -34.988087      -24.864269       -4.935151       26.794031
       70.371902      130.824799      238.462173      433.861450
      664.373230      861.502319      980.293213      945.722656
      719.354004      357.438019       48.626755      -99.966522
     -143.666199     -142.485046     -126.039406     -106.557945
      -88.488617      -73.139168      -60.513584
      -37.442909      -42.227547      -46.442047      -48.585327
      -45.765568      -33.048904       -3.725481       46.901432
      111.946297      167.481491      196.638000      233.108780
      354.080811      585.360046      790.278625      791.230530
      551.051331      199.230316      -65.921455     -180.119156
     -199.249420     -179.972626     -150.906403     -123.045273
      -99.527763      -80.608620      -65.678215
      -42.477970      -49.012871      -55.477634      -60.160759
      -59.125103      -44.170792   -6.277611E-01       89.676048
      226.030594      351.967896      388.212067      353.230164
      402.161163      642.476379      891.351501      892.314880
      593.686951      164.427658     -134.967056     -242.840225
     -243.967285     -209.087219     -169.378769     -134.772217
     -107.078102      -85.575142      -69.014206
      -47.056290      -55.515194      -64.787170      -73.399490
      -77.183167      -65.603912      -14.837508      117.824783
      363.002167      625.255310      701.290405      550.891052
      384.326447      434.456970      572.402222      545.708130
      292.227386      -54.298676     -269.518250     -316.403046
     -282.368317     -229.193863     -180.184418     -140.788574
     -110.560425      -87.668678      -70.284218
      -50.774712      -61.124287      -73.490120      -87.255295
      -99.591225     -101.457130      -67.689331       59.984463
      353.228699      703.492493      789.857422      515.765747
      103.604744     -108.370598     -147.889175     -190.649857
     -292.098053     -403.125244     -431.388458     -380.672638
     -305.576904     -236.642487     -181.877106     -140.517197
     -109.717506      -86.747002      -69.438217
      -53.199749      -65.059738      -80.152763      -99.055122
     -121.482231     -143.875366     -152.366516     -107.200706
       53.673275      261.325134      272.993042       19.288177
     -354.762085     -598.482727     -693.331970     -712.072449
     -681.831055     -610.277283     -506.519409     -396.296387
     -301.496307     -228.175537     -173.848022     -134.044662
     -104.773155      -83.037086      -66.688469
      -53.988544      -66.633804      -83.328125     -105.597816
     -135.404663     -174.702332     -223.470764     -274.196472
     -309.258484     -340.372284     -418.063599     -544.409485
     -680.128296     -765.616455     -795.403320     -773.769958
     -700.119934     -588.696228     -466.630707     -357.380310
     -270.538055     -205.415863     -157.571136     -122.458725
      -96.488129      -77.069580      -62.356396
      -53.018776      -65.548058      -82.288948     -105.077713
     -136.677521     -181.100311     -243.608383     -329.043732
     -436.061310     -548.649170     -637.555359     -682.277710
     -688.492493     -676.128235     -653.800537     -612.971802
     -546.595947     -460.848755     -370.989502     -290.403198
     -224.916046     -174.412506     -136.300308     -107.657394
      -86.031418      -69.535431      -56.839714
      -50.440777      -62.028290      -77.382980      -98.082718
     -126.411293     -165.528824     -219.188400     -289.946228
     -374.256409     -456.679321     -514.552429     -535.207031
     -525.321106     -501.123047     -471.233429     -433.937866
     -386.491028     -331.184235     -274.308868     -222.013397
     -177.656525     -141.840012     -113.650620      -91.694473
      -74.609032      -61.245693      -50.715351
      -46.627201      -56.708660      -69.776939      -86.896461
     -109.445061     -139.031448     -176.994263     -223.113678
     -273.529449     -319.709229     -351.603363     -363.928253
     -359.104553     -343.605194     -322.122711     -295.928375
     -265.252930     -231.446442     -197.080292     -164.769180
     -136.244431     -112.135452      -92.314354      -76.237350
      -63.286766      -52.861084      -44.434978
      -42.051167      -50.389786      -60.872864      -74.085030
      -90.661903     -111.140556     -135.593704     -163.055496
     -190.969406     -215.370377     -232.287949     -239.660324
     -238.077042     -229.715729     -216.683304     -200.310013
     -181.480957     -161.189362     -140.624847     -120.945824
     -102.996590      -87.212822      -73.698158      -62.304916
      -52.798515      -44.895493      -38.343487
      -37.170231      -43.791714      -51.833729      -61.549011
      -73.138710      -86.633736     -101.730652     -117.598557
     -132.826462     -145.664902     -154.562729     -158.703064
     -158.169830     -153.679138     -146.135513     -136.370972
     -125.098419     -112.990463     -100.671791      -88.693352
      -77.475525      -67.283684      -58.236778      -50.333069
      -43.520763      -37.672909      -32.686932
      -32.346539      -37.443134      -43.411953      -50.325466
      -58.181335      -66.847687      -76.006088      -85.110405
      -93.436562     -100.222649     -104.852638     -107.001358
     -106.671806     -104.112183      -99.725746      -93.959702
      -87.261612      -80.033798      -72.624710      -65.312126
      -58.310505      -51.769180      -45.778645      -40.378407
      -35.573265      -31.330687      -27.613640
      -27.825401      -31.651920      -35.979271      -40.789494
      -46.014965      -51.503422      -57.017624      -62.234291
      -66.792511      -70.364494      -72.705956      -73.699661
      -73.347801      -71.763412      -69.138092      -65.703758
      -61.707752      -57.372524      -52.895721      -48.412750
      -44.040699      -39.860245      -35.922832      -32.275318
      -28.928036      -25.896461      -23.164421
      -23.739527      -26.561445      -29.643185      -32.936722
      -36.366184      -39.808979      -43.105877      -46.079842
      -48.554947      -50.391331      -51.498970      -51.848698
      -51.460938      -50.396202      -48.757713      -46.667721
      -44.253700      -41.638176      -38.917160      -36.164425
      -33.434746      -30.772047      -28.203751      -25.760281
      -23.461021      -21.318024      -19.338306
      -20.142645      -22.191315      -24.353609      -26.582687
      -28.807526      -30.943903      -32.893311      -34.560875
      -35.864929      -36.751793      -37.195732      -37.204254
      -36.805222      -36.042530      -34.972961      -33.663425
      -32.180630      -30.588554      -28.927227      -27.238798
      -25.539373      -23.849661      -22.188749      -20.567995
      -19.004124      -17.507124      -16.092302
